     0/249     7.72G    0.1069   0.06482   0.06541    0.2372        40       640     0.032    0.1274   0.04368   0.01189    0.0817   0.05895   0.05359
     1/249     7.64G   0.08048   0.05965   0.04728    0.1874        16       640   0.06123    0.2574    0.1193   0.04166   0.07185   0.04967   0.04223
     2/249     7.64G   0.07516   0.05559   0.03519    0.1659       140       640   0.09674    0.3082    0.1447   0.03804   0.07044   0.04743   0.03431
     3/249     7.64G   0.07286   0.05562   0.02935    0.1578        47       640    0.1662    0.3539    0.1845   0.06259   0.06582   0.04856   0.03036
     4/249     7.64G    0.0732   0.05859   0.02581    0.1576       116       640    0.1337    0.3636    0.1584   0.04412   0.07511   0.04675   0.02599
     5/249     7.64G    0.0714   0.05783   0.02315    0.1524        92       640    0.2275     0.422    0.3246    0.1282   0.06123   0.05342   0.02685
     6/249     7.64G   0.06767   0.05827   0.02126    0.1472        28       640    0.2023    0.4076    0.3434    0.1397   0.06294   0.04698   0.02401
     7/249     7.64G    0.0641   0.05227   0.02025    0.1366        60       640     0.369    0.4703    0.3977    0.1765   0.05739   0.04689   0.02133
     8/249     7.64G   0.06263   0.05421   0.01866    0.1355       143       640     0.293    0.5499    0.4081    0.1651   0.05661   0.04659   0.01964
     9/249     7.64G   0.06127   0.05129   0.01593    0.1285        15       640    0.2078     0.568    0.4015    0.1783   0.05461   0.04646   0.01774
    10/249     7.64G    0.0608   0.05314   0.01651    0.1305        10       640    0.2614    0.5472    0.4297    0.1985   0.05403   0.04703   0.02092
    11/249     7.64G   0.05784   0.04927   0.01645    0.1236        51       640    0.2876    0.5566    0.4454    0.1939   0.05591   0.04629    0.0177
    12/249     7.64G   0.05898   0.04809   0.01532    0.1224        61       640    0.2979     0.598    0.4919    0.2346   0.05188   0.04486   0.01718
    13/249     7.64G   0.05685   0.04775   0.01351    0.1181       404       640    0.2818    0.5825    0.4419    0.2185   0.05562   0.04449   0.01632
    14/249     7.64G    0.0565   0.04676   0.01314    0.1164        77       640    0.2661    0.6208     0.476    0.2475   0.05491   0.04315   0.01423
    15/249     7.64G   0.05748   0.04747   0.01285    0.1178       102       640    0.3569    0.5281     0.453    0.2181    0.0549   0.04339   0.01942
    16/249     7.65G   0.05668   0.04996   0.01218    0.1188        61       640    0.3155    0.5925    0.4861    0.2379   0.05045   0.04311   0.01392
    17/249     7.64G   0.05423   0.04589   0.01133    0.1115        31       640    0.3627    0.6066    0.5325    0.2684   0.04937   0.04249   0.01318
    18/249     7.64G   0.05498   0.04654   0.01106    0.1126        46       640     0.272    0.6198    0.5101    0.2487    0.0522    0.0428   0.01439
    19/249     7.64G   0.05473   0.04471   0.01098    0.1104        18       640    0.3212    0.6157    0.5288    0.2596   0.05065   0.04216   0.01447
    20/249     7.64G   0.05324   0.04426   0.01081    0.1083        67       640     0.351    0.6289    0.5287    0.2432   0.05022   0.04312   0.01455
    21/249     7.64G   0.05351   0.04527   0.01033    0.1091        43       640    0.3456     0.642     0.523    0.2701   0.04859   0.04121   0.01265
    22/249     7.64G    0.0521   0.04494  0.009865    0.1069       253       640    0.3721    0.6685    0.5696    0.3021   0.04952   0.04095   0.01218
    23/249     7.64G   0.05271   0.04583  0.009341    0.1079       104       640    0.3566    0.6534    0.5374    0.2764   0.04856   0.04159   0.01189
    24/249     7.64G   0.05163   0.04428   0.00908     0.105       159       640     0.336    0.6448    0.5275     0.249   0.04973   0.04235   0.01347
    25/249     7.65G   0.05121   0.04781  0.009458    0.1085       131       640    0.3164     0.655      0.55    0.2832    0.0473   0.04379   0.01177
    26/249     7.65G   0.05146   0.04463  0.008783    0.1049        24       640    0.3769    0.6754    0.5905    0.3083   0.04735   0.04161   0.01198
    27/249     7.64G   0.05021     0.044  0.008158    0.1024        26       640    0.3284    0.6755    0.5571    0.2775   0.05001   0.04214   0.01148
    28/249     7.64G   0.05038   0.04549   0.00818     0.104        34       640    0.3613    0.6779    0.5399    0.2822   0.04716   0.04163   0.01142
    29/249     7.64G   0.04972    0.0424  0.007953    0.1001        30       640    0.3662    0.6371    0.5628    0.2887   0.04891   0.04165   0.01184
    30/249     7.64G   0.04947   0.04214  0.007822   0.09944        22       640    0.3741     0.687    0.6124    0.3217   0.04828   0.04065   0.01136
    31/249     7.64G   0.04941   0.04194  0.007476   0.09883        17       640    0.3852    0.6718    0.5569    0.3019   0.04736   0.04091    0.0104
    32/249     7.64G   0.04876   0.04174  0.007399    0.0979        12       640     0.357    0.7231    0.6046     0.315   0.04707    0.0407   0.01009
    33/249     7.64G   0.05011   0.04226  0.007616   0.09999        19       640      0.39    0.7149    0.6165    0.3259   0.04582   0.04114   0.01025
    34/249     7.64G   0.04787   0.04104  0.007089     0.096        29       640    0.3895    0.6915    0.5666    0.3122   0.04552   0.04069   0.01009
    35/249     7.64G   0.04838   0.04034  0.006962   0.09568        25       640    0.3653    0.7053    0.6089    0.3468   0.04681   0.04149   0.01066
    36/249     7.64G   0.04825   0.03711  0.006709   0.09207        26       640    0.4288    0.6902    0.6008    0.3391   0.04672   0.04043   0.01028
    37/249     7.64G   0.04859   0.04144  0.007037   0.09707        31       640    0.3982      0.71    0.6378    0.3514   0.04644   0.04149   0.01023
    38/249     7.64G   0.04957   0.04515  0.006657    0.1014        92       640    0.3573     0.686    0.5876     0.305   0.04728   0.04088    0.0105
    39/249     7.64G   0.04745   0.04045  0.007054   0.09495        46       640    0.4158     0.676    0.5992    0.3206   0.04785   0.04079   0.01068
    40/249     7.64G   0.04793   0.03965  0.006391   0.09397        24       640    0.3712    0.7064    0.5959    0.3334   0.04816   0.04032   0.01135
    41/249     7.64G   0.04716   0.03954  0.006983   0.09368        46       640       0.4    0.6694    0.5856    0.3255   0.04671   0.04265   0.01095
    42/249     7.64G   0.04726   0.03887  0.006377    0.0925        41       640    0.4197    0.6772    0.6008    0.3282   0.04647   0.04046   0.01135
    43/249     7.64G    0.0462   0.03789  0.006268   0.09035        14       640    0.3897    0.7206    0.6345    0.3554   0.04491   0.04027  0.009981
    44/249     7.64G   0.04656   0.03689  0.006176   0.08963        37       640    0.4156    0.7156    0.6392    0.3664    0.0454   0.04074   0.01006
    45/249     7.64G   0.04751   0.03986  0.006133    0.0935        60       640    0.3539    0.7212    0.6319    0.3604   0.04579   0.04107   0.01047
    46/249     7.64G   0.04654   0.03876  0.006164   0.09146        87       640    0.3994    0.6884    0.6075    0.3305   0.04512    0.0406  0.009207
    47/249     7.64G   0.04632   0.03994  0.006171   0.09243        24       640    0.3876    0.6933    0.5941    0.3434    0.0461   0.04051   0.01011
    48/249     7.64G   0.04629   0.03908  0.006191   0.09156        42       640    0.4312    0.6856    0.6082    0.3573   0.04491   0.04096  0.009505
    49/249     7.64G    0.0454    0.0394  0.005797    0.0906        36       640    0.4307    0.7033    0.6377    0.3633   0.04539   0.04028  0.009587
    50/249     7.64G   0.04595   0.03825  0.005628   0.08983        19       640     0.389    0.7037    0.6222    0.3381    0.0476   0.04004   0.01055
    51/249     7.64G   0.04588   0.04021  0.005533   0.09162        19       640    0.4197    0.6886    0.6143    0.3716   0.04418   0.04006  0.009007
    52/249     7.64G   0.04538   0.03946  0.005091   0.08993        39       640    0.4065     0.688    0.6309    0.3683   0.04348   0.04056   0.00936
    53/249     7.64G   0.04492   0.03618  0.005692    0.0868        59       640    0.4444    0.6889    0.5901    0.3247   0.04457   0.04059  0.008894
    54/249     7.64G   0.04683   0.03998  0.006719   0.09353        36       640    0.4251    0.6304    0.5612    0.3137   0.04687   0.04387   0.01452
    55/249     7.64G   0.04472   0.03941  0.006798   0.09093       123       640    0.4162    0.7078    0.6434    0.3727   0.04458   0.04106   0.01098
    56/249     7.64G   0.04579   0.03976  0.005436   0.09099        19       640    0.4388    0.7041    0.6284    0.3587   0.04605   0.04024   0.01016
    57/249     7.64G   0.04474   0.03668  0.005088   0.08651        41       640    0.4325    0.7133    0.6458    0.3566   0.04492   0.04065   0.01049
    58/249     7.65G   0.04501   0.03951  0.005471   0.08998        57       640     0.442    0.6989    0.6193    0.3447   0.04422   0.04087   0.01045
    59/249     7.64G   0.04466   0.03988  0.005609   0.09015       105       640    0.4534    0.7061     0.645    0.3624   0.04584   0.04044  0.009965
    60/249     7.64G   0.04519   0.03885  0.005288   0.08933        33       640    0.4327    0.6945    0.6174    0.3431    0.0447   0.04132  0.008771
    61/249     7.64G   0.04501   0.03764  0.005118   0.08777       135       640    0.4689    0.6979    0.6258    0.3624   0.04534   0.04081  0.008506
    62/249     7.64G   0.04494   0.03646  0.004932   0.08633        42       640    0.4209    0.7297    0.6395    0.3682   0.04466   0.03988  0.008877
    63/249     7.64G    0.0432   0.03838  0.004677   0.08625        21       640    0.4303    0.7119    0.6462    0.3867   0.04414   0.04026  0.009625
    64/249     7.64G   0.04434   0.03779  0.004599   0.08673        33       640    0.4757    0.6912    0.6468    0.3618   0.04435   0.04064  0.009344
    65/249     7.64G   0.04271   0.03809  0.004535   0.08533       234       640    0.4588    0.7114    0.6367    0.3802   0.04272   0.03991  0.008797
    66/249     7.64G   0.04318   0.03548  0.004587   0.08324        41       640    0.4746    0.7155    0.6514    0.3872   0.04503   0.04022  0.009222
    67/249     7.64G   0.04265    0.0355  0.004277   0.08243        22       640    0.4974    0.6914    0.6341    0.3834   0.04352   0.04083  0.009121
    68/249     7.64G   0.04307   0.03511  0.004328   0.08251        54       640    0.4447    0.7184    0.6143    0.3387   0.04522   0.04089  0.009559
    69/249     7.64G   0.04271   0.03439  0.004499    0.0816        60       640    0.4287    0.7037    0.6424    0.3794    0.0438   0.04083  0.009496
    70/249     7.64G    0.0425   0.03474  0.004629   0.08186        60       640    0.4755    0.7061    0.6554    0.3928   0.04253   0.04081   0.01054
    71/249     7.64G    0.0427   0.03537  0.004276   0.08234        10       640    0.4532    0.6963    0.6244    0.3802   0.04442   0.04051  0.009741
    72/249     7.64G   0.04231   0.03632  0.004177   0.08281        17       640    0.4933    0.6948    0.6521    0.3946   0.04349   0.04046   0.00928
    73/249     7.64G   0.04181   0.03524  0.003741   0.08079        41       640    0.5049    0.6956    0.6492    0.3996   0.04311   0.04007   0.00947
    74/249     7.64G   0.04182   0.03515  0.004049   0.08101        26       640    0.4974    0.7049    0.6454    0.3842   0.04271   0.04018  0.009071
    75/249     7.64G    0.0417   0.03544  0.003906   0.08105       108       640    0.4898    0.7039    0.6491    0.3851   0.04395   0.04117  0.009815
    76/249     7.64G   0.04167   0.03507   0.00405   0.08079        30       640    0.5272    0.6877    0.6403    0.3814   0.04299   0.04126  0.009772
    77/249     7.64G   0.04197   0.03557  0.003883   0.08142       274       640    0.4975    0.7299    0.6736    0.4029    0.0431   0.04078  0.009499
    78/249     7.64G   0.04282   0.03704  0.004259   0.08411        76       640    0.4559    0.7436    0.6586    0.3875   0.04338   0.03994  0.008812
    79/249     7.64G   0.04101   0.03375  0.004663   0.07942        38       640     0.438    0.7066     0.638    0.3814    0.0446   0.04008  0.009164
    80/249     7.64G   0.04259   0.03593  0.003972   0.08249        37       640    0.4946    0.7083    0.6582    0.3985   0.04214   0.04127   0.01055
    81/249     7.64G   0.04208   0.03752  0.003842   0.08345        31       640    0.4824    0.6908    0.6447     0.386   0.04282   0.04037  0.009751
    82/249     7.64G   0.04251   0.03751  0.004006   0.08403        39       640    0.5041    0.7079    0.6537    0.4006   0.04258   0.04039  0.009473
    83/249     7.64G   0.04127   0.03522  0.003746   0.08024       213       640    0.4835    0.7045     0.662    0.4061    0.0421   0.04026  0.009034
    84/249     7.64G    0.0413   0.03518  0.003344   0.07983        31       640      0.52     0.663    0.6439    0.3954   0.04303   0.04084  0.009423
    85/249     7.64G   0.04008   0.03346  0.003686   0.07723        23       640    0.4956    0.6847    0.6373     0.402   0.04512      0.04  0.009577
    86/249     7.64G   0.04046   0.03346   0.00354   0.07747        41       640    0.4503    0.7213    0.6623    0.4009   0.04443   0.03959  0.009271
    87/249     7.64G   0.04106   0.03628  0.003594   0.08093        29       640    0.5326    0.6867    0.6534    0.4004   0.04261   0.04107  0.009367
    88/249     7.64G   0.04124   0.03611  0.003976   0.08133        40       640    0.4944    0.7061    0.6482    0.3934   0.04299    0.0404  0.009782
    89/249     7.64G   0.03927   0.03325  0.003511   0.07603        38       640     0.501    0.7052    0.6547    0.4005   0.04324   0.04074   0.00784
    90/249     7.64G   0.03988   0.03442  0.003602    0.0779        26       640    0.5417    0.7183    0.6782    0.4143   0.04238   0.03968  0.008701
    91/249     7.64G   0.04102   0.03427  0.003354   0.07864        43       640     0.512    0.6955    0.6478    0.3959   0.04311   0.04037   0.00928
    92/249     7.64G   0.04209   0.03583  0.003867   0.08179        59       640    0.5057    0.6909    0.6456     0.386   0.04332   0.04171  0.008491
    93/249     7.64G   0.04128   0.03714  0.003363   0.08178        14       640    0.5411    0.7063    0.6678    0.3986   0.04298   0.04029  0.008399
    94/249     7.65G   0.04096   0.03492  0.003603   0.07948        44       640    0.5244    0.6971    0.6574     0.394   0.04403   0.04142  0.008957
    95/249     7.64G   0.04019   0.03462   0.00355   0.07836        22       640    0.5023    0.7003    0.6451    0.3914   0.04176   0.04108  0.009308
    96/249     7.64G   0.03967   0.03371  0.003582   0.07696        69       640    0.4972     0.725    0.6644    0.4147   0.04184    0.0397  0.008746
    97/249     7.64G   0.03864   0.03255  0.003438   0.07463        35       640    0.5544    0.7162    0.6746     0.421   0.04178   0.04033  0.008802
    98/249     7.64G    0.0403   0.03361  0.003212   0.07713       192       640    0.5123    0.7131    0.6591    0.3947   0.04461   0.04102  0.008563
    99/249     7.64G   0.03921   0.03156  0.003217   0.07399        73       640    0.4995    0.7218    0.6529    0.3973    0.0428   0.04047  0.009326
   100/249     7.64G   0.03931   0.03161  0.003331   0.07425       146       640    0.5577    0.6998    0.6594     0.398   0.04248   0.04065  0.009246
   101/249     7.64G   0.03868   0.03147  0.003168   0.07332        73       640    0.5785    0.7034    0.6672    0.4162   0.04208   0.04073  0.008849
   102/249     7.65G   0.04022   0.03445  0.003144   0.07782        55       640    0.5418    0.6984     0.664    0.4051   0.04225   0.04142   0.01003
   103/249     7.65G    0.0387   0.03411  0.003092    0.0759        56       640    0.5581    0.6891    0.6542    0.4094   0.04276   0.04139  0.008984
   104/249     7.64G   0.03821   0.03209  0.002961   0.07325        33       640    0.5672    0.7107    0.6748    0.4164    0.0416   0.04181  0.009121
   105/249     7.64G   0.03869   0.03336  0.002947     0.075        23       640     0.556    0.6831    0.6419    0.3933   0.04224    0.0422  0.009737
   106/249     7.65G   0.03886   0.03308  0.002999   0.07494        39       640     0.554    0.7186    0.6704    0.4038   0.04209   0.04127  0.008762
   107/249     7.64G   0.03797   0.03133  0.003004   0.07231         9       640    0.5369    0.7091    0.6678    0.4067   0.04269   0.04135  0.009008
   108/249     7.64G   0.03837   0.03351  0.002978   0.07486       137       640      0.56    0.7082    0.6774    0.4342   0.04251   0.04143  0.009003
   109/249     7.64G   0.03904   0.03244  0.002915   0.07439        45       640    0.5509    0.7016    0.6638    0.4186   0.04266    0.0415   0.00922
   110/249     7.64G   0.03735   0.03059   0.00283   0.07076        34       640    0.5678    0.7227    0.6745    0.4296    0.0415   0.04067  0.008475
   111/249     7.64G   0.03799   0.03092  0.003229   0.07214        70       640    0.5532    0.7021    0.6663    0.4215   0.04121   0.04121  0.008938
   112/249     7.64G   0.03861   0.03215  0.002937   0.07369        21       640    0.5633    0.7123    0.6702    0.4269   0.04112   0.04129  0.008891
   113/249     7.64G   0.03736    0.0312  0.002847    0.0714       145       640      0.55    0.7054    0.6744    0.4179    0.0422   0.04149  0.008001
   114/249     7.64G   0.03798    0.0328  0.002891   0.07367        14       640     0.555    0.7166     0.687    0.4313   0.04137   0.04101  0.008807
   115/249     7.64G   0.03687   0.02952  0.002904    0.0693        22       640    0.5589    0.7038    0.6684    0.4278   0.04184   0.04131  0.009162
   116/249     7.64G   0.03786   0.03153  0.002968   0.07236       124       640    0.5604    0.6944    0.6475    0.4098   0.04173   0.04192  0.008565
   117/249     7.64G    0.0377    0.0313  0.002738   0.07174       108       640     0.526    0.6914    0.6467    0.4105   0.04203   0.04104   0.00851
   118/249     7.64G   0.03827   0.03254  0.002823   0.07363        16       640    0.5355    0.6797    0.6429    0.4049   0.04311   0.04189  0.009024
   119/249     7.64G   0.03693   0.03031  0.002759      0.07       172       640    0.5709    0.6763     0.651    0.3915   0.04188   0.04264  0.009196
   120/249     7.64G   0.03769   0.03204   0.00309   0.07282        18       640    0.5458    0.6915    0.6511     0.412   0.04139   0.04221   0.00863
   121/249     7.64G   0.03577   0.02995   0.00278    0.0685        85       640      0.55    0.7001    0.6643    0.4259   0.04102   0.04172   0.00825
   122/249     7.64G   0.03821   0.03338  0.002812   0.07441        75       640    0.5695    0.7027    0.6616    0.4261   0.04111   0.04165  0.008724
   123/249     7.65G   0.03709   0.03222  0.002507   0.07182        22       640    0.5666    0.7004    0.6713    0.4118   0.04233   0.04299   0.00872
   124/249     7.64G   0.03698   0.03266  0.002727   0.07236        92       640    0.5675     0.698    0.6642    0.4232   0.04152   0.04215   0.01009
   125/249     7.64G   0.03687   0.02989  0.002639    0.0694        53       640    0.5934    0.7122     0.687    0.4314   0.04126   0.04259  0.008998
   126/249     7.64G   0.03739   0.03353   0.00259   0.07351        39       640    0.5637    0.7061    0.6684    0.4235   0.04081   0.04239  0.008549
   127/249     7.64G   0.03661   0.02997  0.002873   0.06945        21       640    0.5573    0.7017    0.6712    0.4263   0.04139   0.04207  0.008513
   128/249     7.64G   0.03613   0.03083  0.002365   0.06933        88       640    0.5632    0.7132    0.6671    0.4106   0.04153   0.04166  0.008509
   129/249     7.64G   0.03671   0.03043  0.002504   0.06965       181       640    0.5564    0.7189    0.6746    0.4285   0.04054   0.04086  0.008068
   130/249     7.64G   0.03719   0.03173  0.002514   0.07144        77       640    0.5874    0.7161    0.6676    0.4167   0.04157   0.04219  0.008406
   131/249     7.64G   0.03648   0.03111  0.002763   0.07036        32       640    0.5685    0.7209    0.6857    0.4295   0.04059   0.04291  0.008571
   132/249     7.65G   0.03588   0.03227  0.002434   0.07058        38       640    0.5655    0.7032     0.674    0.4314   0.04141   0.04211  0.008977
   133/249     7.64G   0.03614   0.03066  0.002549   0.06935        30       640    0.5691    0.6978    0.6622    0.4202   0.04132   0.04218  0.008624
   134/249     7.64G   0.03597   0.02957  0.002622   0.06816        18       640    0.5906    0.7055    0.6892      0.44   0.04056   0.04197  0.008238
   135/249     7.64G   0.03636   0.02758  0.002482   0.06642        13       640    0.5695    0.7071    0.6756    0.4397   0.04104   0.04187  0.007988
   136/249     7.64G    0.0363   0.03209  0.002665   0.07105        47       640    0.5414    0.7186     0.688     0.442   0.04124   0.04153  0.008461
   137/249     7.64G   0.03597   0.03047  0.002558   0.06899        27       640    0.5748     0.701    0.6812    0.4336   0.04126   0.04231  0.009304
   138/249     7.64G   0.03618   0.03078  0.002647   0.06961        62       640    0.5611    0.6982    0.6563     0.413   0.04058   0.04206  0.009117
   139/249     7.64G   0.03655   0.02898  0.002583   0.06812        19       640    0.5774    0.6884    0.6628    0.4192   0.04058   0.04222  0.008467
   140/249     7.64G   0.03629   0.03126  0.002692   0.07024        74       640    0.5291    0.6981    0.6547    0.4152   0.04196   0.04239  0.008775
   141/249     7.64G   0.03519   0.02849   0.00226   0.06593        65       640     0.576    0.6963    0.6565    0.4187   0.04195   0.04277  0.008339
   142/249     7.64G   0.03483   0.03024  0.002298   0.06737        41       640    0.5729    0.7179    0.6772    0.4213   0.04084   0.04173  0.008836
   143/249     7.64G   0.03541     0.028   0.00253   0.06594        26       640    0.5613    0.7265    0.6844    0.4267   0.04061   0.04212  0.009133
   144/249     7.65G   0.03589   0.03138   0.00239   0.06966        36       640    0.5901    0.7001    0.6666    0.4122   0.04097   0.04301  0.008816
   145/249     7.64G   0.03506   0.02796  0.002393   0.06542        11       640    0.5924    0.7062    0.6729    0.4308     0.041   0.04238  0.008489
   146/249     7.64G   0.03469   0.02829  0.002413   0.06539        37       640     0.569    0.7304    0.6794    0.4408   0.04018   0.04248  0.008847
   147/249     7.64G   0.03496   0.02807  0.002347   0.06537        22       640    0.5751    0.7211    0.6714    0.4201   0.04162   0.04251  0.008585
   148/249     7.64G   0.03524   0.03036   0.00241   0.06801        15       640      0.56    0.7031    0.6639    0.4183   0.04146   0.04245  0.008663
   149/249     7.64G   0.03506   0.02918  0.002372   0.06661        27       640    0.5951    0.6872    0.6501    0.4132   0.04079   0.04427  0.009323
   150/249     7.64G   0.03578   0.02988  0.002425   0.06809       101       640    0.5763    0.6969    0.6612    0.4233   0.04113   0.04365  0.009206
   151/249     7.64G   0.03596   0.03017  0.002446   0.06858        28       640    0.5877    0.6971    0.6702    0.4291   0.04053   0.04252  0.008839
   152/249     7.64G   0.03537   0.02861   0.00215   0.06613        52       640    0.5721    0.6995    0.6747    0.4337   0.04074   0.04225  0.008888
   153/249     7.64G     0.035   0.02931  0.002202   0.06651        55       640    0.5748    0.7042    0.6721    0.4316   0.04113   0.04362  0.009036
   154/249     7.64G   0.03535   0.02849  0.002164     0.066        46       640    0.5572    0.7099    0.6784    0.4359   0.04056   0.04323  0.008635
   155/249     7.64G    0.0342   0.02975   0.00206   0.06601       156       640    0.5749    0.7113    0.6675    0.4316   0.04026   0.04286  0.008804
   156/249     7.64G   0.03357    0.0286   0.00209   0.06426        68       640    0.5931    0.7138    0.6827    0.4378   0.04031   0.04209  0.008253
   157/249     7.64G   0.03444   0.03051  0.002132   0.06708        48       640    0.5813     0.697     0.672     0.437   0.04051    0.0422  0.008552
   158/249     7.64G    0.0348   0.02944  0.002099   0.06634        35       640    0.5581     0.695     0.656    0.4265   0.04175   0.04393  0.008432
   159/249     7.64G   0.03436   0.02924  0.002164   0.06577        74       640    0.5976    0.7004    0.6788    0.4366   0.04065   0.04279  0.008655
   160/249     7.64G   0.03342    0.0287  0.002029   0.06416        22       640    0.5878    0.6938    0.6793    0.4369   0.04056   0.04267  0.007826
   161/249     7.64G   0.03335   0.02784  0.002017   0.06321        64       640    0.5681    0.6975    0.6708    0.4395   0.04078   0.04266  0.008198
   162/249     7.64G   0.03383   0.02917  0.002165   0.06517        30       640    0.5872    0.6912    0.6568    0.4266   0.04156   0.04298  0.008299
   163/249     7.64G   0.03341   0.02915  0.002135   0.06469        29       640    0.5938    0.6918    0.6701    0.4326   0.04155   0.04358  0.008923
   164/249     7.64G   0.03465   0.02826  0.002223   0.06513        61       640    0.5832    0.6979     0.657    0.4215   0.04088   0.04296  0.008171
   165/249     7.64G   0.03377      0.03  0.001978   0.06575        91       640    0.5742    0.7055    0.6798    0.4378   0.04006    0.0428  0.007743
   166/249     7.64G    0.0341   0.03008  0.002001   0.06618       116       640    0.6048    0.6989    0.6743    0.4386   0.04057   0.04196  0.008191
   167/249     7.64G   0.03365   0.02873  0.001994   0.06438        62       640    0.5985    0.6839    0.6682    0.4361   0.04083   0.04327  0.008518
   168/249     7.64G   0.03308   0.02514  0.002132   0.06035        92       640    0.5892    0.6904    0.6628    0.4335   0.04075   0.04303    0.0087
   169/249     7.64G    0.0324   0.02771  0.001944   0.06205       359       640    0.5822    0.6979    0.6625     0.432   0.04061   0.04291   0.00883
   170/249     7.64G     0.033   0.02862  0.002027   0.06364        59       640    0.5834     0.688    0.6662    0.4338   0.04059   0.04327  0.008553
   171/249     7.64G   0.03336   0.02775  0.002148   0.06327        74       640    0.5716    0.6962    0.6685    0.4379   0.04065   0.04284  0.008295
   172/249     7.64G   0.03295    0.0278  0.001974   0.06273         7       640    0.5968    0.7024    0.6746    0.4393   0.04018   0.04254  0.008221
   173/249     7.64G   0.03363   0.02892  0.001695   0.06424        90       640    0.5901    0.6967    0.6774    0.4428   0.04047   0.04313  0.008069
   174/249     7.64G   0.03251   0.02724  0.001911   0.06167        22       640    0.5963    0.6955    0.6779    0.4427   0.04014    0.0429  0.008014
   175/249     7.64G   0.03316   0.03029  0.001811   0.06525       102       640     0.584    0.7035     0.682    0.4432   0.04104   0.04265  0.008518
   176/249     7.64G    0.0334   0.02751  0.001764   0.06267         8       640    0.5884    0.7093    0.6834    0.4486   0.03992   0.04316  0.008522
   177/249     7.64G   0.03304   0.02803   0.00198   0.06305        31       640    0.5814    0.7018    0.6743    0.4412   0.04052   0.04293  0.008293
   178/249     7.64G    0.0325   0.02642  0.001933   0.06086        60       640    0.5703    0.7022    0.6699    0.4354   0.04138   0.04227  0.008286
   179/249     7.64G   0.03284   0.02599   0.00189   0.06071        44       640    0.5989    0.6744    0.6548    0.4281   0.04155   0.04286  0.008678
   180/249     7.64G   0.03343   0.02748  0.001868   0.06278       118       640    0.5931    0.6896    0.6618    0.4317   0.04072   0.04252  0.007963
   181/249     7.64G   0.03363   0.02972   0.00205    0.0654        31       640    0.6032    0.6861     0.663    0.4329   0.04077   0.04356  0.007928
   182/249     7.64G   0.03294     0.028  0.001766    0.0627        68       640    0.6151    0.6965    0.6774    0.4397   0.04069   0.04347  0.007771
   183/249     7.64G   0.03212   0.02767  0.001741   0.06153        37       640    0.6272    0.6998    0.6804    0.4366   0.04132   0.04383  0.007474
   184/249     7.64G   0.03395   0.02993  0.001928    0.0658        83       640    0.6127    0.6758    0.6591    0.4267   0.04163   0.04349  0.007696
   185/249     7.64G   0.03249   0.02861  0.001634   0.06273        67       640    0.6073    0.6855    0.6674    0.4369   0.04086   0.04313   0.00767
   186/249     7.64G   0.03231     0.027   0.00172   0.06103        54       640    0.6025    0.6729    0.6609    0.4391   0.04086   0.04359  0.007595
   187/249     7.64G   0.03168   0.02615  0.001868    0.0597        60       640    0.5915    0.6818    0.6547    0.4224   0.04081   0.04393  0.007677
   188/249     7.64G   0.03217   0.02703  0.001685   0.06088        49       640    0.5874    0.6806    0.6604    0.4269   0.04041    0.0439  0.007508
   189/249     7.64G   0.03297   0.02677  0.001857   0.06161        98       640    0.6088    0.6924    0.6672    0.4317   0.04048   0.04405  0.007389
   190/249     7.64G   0.03218   0.02902  0.002064   0.06326        11       640    0.6268    0.6944    0.6709    0.4371    0.0406   0.04449  0.007955
   191/249     7.64G   0.03153   0.02721  0.001613   0.06035        46       640    0.6077    0.6964    0.6721    0.4419   0.04034   0.04364  0.007864
   192/249     7.64G   0.03322   0.02857  0.001885   0.06367        65       640    0.6249    0.6834    0.6643    0.4363   0.04065   0.04402  0.007861
   193/249     7.64G   0.03186    0.0274  0.001714   0.06097        33       640    0.6008     0.688    0.6566    0.4287   0.04104   0.04418  0.008376
   194/249     7.64G   0.03145   0.02504  0.001671   0.05817        22       640    0.6014    0.6806    0.6572    0.4375   0.04071   0.04446  0.008397
   195/249     7.64G   0.03156   0.02596  0.001583   0.05911        49       640    0.6211    0.6883     0.657    0.4399   0.04071   0.04369  0.008302
   196/249     7.64G   0.03252   0.02786  0.001542   0.06192         8       640    0.5979      0.69    0.6578    0.4358   0.04043   0.04345  0.008341
   197/249     7.64G   0.03272   0.02757  0.001738   0.06203        23       640     0.614    0.6983    0.6675    0.4434    0.0405   0.04388  0.007896
   198/249     7.64G    0.0317   0.02555  0.001656    0.0589        41       640    0.6233    0.6892    0.6583    0.4367   0.04005     0.044  0.008117
   199/249     7.64G   0.03098    0.0265  0.001809   0.05929        36       640    0.6151    0.6811    0.6573    0.4341    0.0407    0.0443  0.008339
   200/249     7.65G    0.0314   0.02709  0.001582   0.06007        76       640    0.6219    0.6901    0.6662    0.4372   0.04117   0.04382  0.008357
   201/249     7.64G   0.03158   0.02608  0.001811   0.05947        61       640    0.6042    0.6965    0.6686    0.4448   0.04124   0.04295  0.008645
   202/249     7.64G   0.03071   0.02496  0.001574   0.05725        36       640    0.6004    0.6891    0.6642    0.4374   0.04114   0.04396  0.008688
   203/249     7.64G    0.0324    0.0275  0.001688   0.06158        61       640    0.6031    0.6887    0.6681    0.4396   0.04147   0.04371  0.008424
   204/249     7.64G    0.0312   0.02603  0.001853   0.05908        34       640    0.6118    0.6852    0.6628    0.4318   0.04136   0.04421  0.008269
   205/249     7.64G   0.03112   0.02569  0.001737   0.05855        15       640    0.6181    0.6965    0.6725    0.4365   0.04134   0.04344  0.008481
   206/249     7.65G   0.03083   0.02583  0.001589   0.05825        45       640    0.6202    0.6869    0.6667    0.4378   0.04169   0.04417  0.008538
   207/249     7.64G   0.03053   0.02569  0.001571   0.05778        37       640    0.6046    0.6743    0.6513     0.434   0.04108   0.04427  0.008486
   208/249     7.64G   0.03198    0.0281  0.001709   0.06179        27       640    0.6066    0.6851    0.6501    0.4329   0.04125   0.04481  0.008807
   209/249     7.64G   0.03167    0.0259  0.001688   0.05926        48       640    0.6214     0.683    0.6487     0.431   0.04156   0.04467  0.009026
   210/249     7.64G   0.03072   0.02664  0.001699   0.05906        34       640     0.626     0.693    0.6589    0.4352    0.0417   0.04399  0.008954
   211/249     7.64G   0.03263   0.02758  0.001753   0.06196       208       640    0.6435    0.6849    0.6625    0.4357   0.04143   0.04394  0.008989
   212/249     7.64G   0.03086   0.02723  0.001534   0.05963        66       640    0.6301    0.6866    0.6556    0.4321   0.04152   0.04371  0.008971
   213/249     7.64G   0.03092   0.02594  0.001582   0.05845        94       640    0.6191    0.6877    0.6582    0.4293   0.04093   0.04397  0.009085
   214/249     7.64G   0.03124   0.02644  0.001643   0.05932        32       640     0.618    0.6785     0.651    0.4263   0.04093   0.04368  0.008584
   215/249     7.65G   0.03092   0.02634  0.001466   0.05873        30       640    0.6323    0.6745    0.6482    0.4242   0.04123   0.04414   0.00841
   216/249     7.64G   0.03037    0.0253  0.001639   0.05731        30       640    0.6107    0.6849    0.6462    0.4228   0.04113   0.04467  0.008312
   217/249     7.64G   0.03178   0.02769  0.001627    0.0611        15       640    0.6048    0.6706    0.6479    0.4253   0.04103    0.0449  0.008387
   218/249     7.65G   0.03018     0.026  0.001644   0.05782        21       640    0.6272    0.6669     0.645    0.4231   0.04128    0.0448  0.008586
   219/249     7.64G   0.03169   0.02695  0.001729   0.06037       206       640    0.5948    0.6728    0.6496    0.4299   0.04088   0.04462  0.008549
   220/249     7.64G     0.031   0.02635  0.001608   0.05896        36       640    0.6013    0.6849    0.6544    0.4308   0.04082   0.04399  0.008249
   221/249     7.64G   0.03131   0.02711  0.001534   0.05995        55       640    0.6027    0.6884    0.6577    0.4325   0.04031   0.04391  0.008084
   222/249     7.64G    0.0308   0.02632  0.001363   0.05849        63       640    0.6134    0.6852    0.6617    0.4378   0.04034   0.04382  0.008011
   223/249     7.64G   0.03052   0.02409  0.001597    0.0562        36       640    0.6092    0.6814    0.6601    0.4347   0.04013   0.04448  0.007845
   224/249     7.64G   0.03065    0.0259  0.001581   0.05814        17       640    0.6077     0.696    0.6575    0.4326   0.04024    0.0451  0.007935
   225/249     7.64G   0.03099   0.02455  0.001578   0.05712        22       640    0.6022    0.6861    0.6483    0.4263   0.04041   0.04551  0.007773
   226/249     7.64G   0.03029   0.02476  0.001405   0.05646       116       640    0.6077    0.6918    0.6567    0.4275    0.0406   0.04474  0.007581
   227/249     7.64G   0.03023   0.02515  0.001552   0.05693        23       640    0.6224    0.6796    0.6552    0.4279   0.04039    0.0449  0.007738
   228/249     7.64G   0.03088   0.02643  0.001432   0.05874        22       640    0.6199    0.6814    0.6572    0.4296   0.04015   0.04516  0.007835
   229/249     7.64G   0.03113   0.02661   0.00156    0.0593       158       640    0.6148    0.6768    0.6597    0.4271   0.04037   0.04521  0.007659
   230/249     7.64G   0.03092   0.02681  0.001543   0.05927       109       640    0.6331    0.6912    0.6663    0.4358   0.04008   0.04485   0.00758
   231/249     7.65G   0.03026   0.02572   0.00141   0.05739        24       640    0.6227    0.6808    0.6622    0.4317   0.04023   0.04494  0.007762
   232/249     7.64G     0.031   0.02748  0.001438   0.05992        16       640    0.6187    0.6829    0.6625     0.431   0.04022   0.04494   0.00782
   233/249     7.64G   0.03005   0.02469  0.001375   0.05612        20       640    0.6273    0.6798     0.663    0.4311   0.04015   0.04518  0.007983
   234/249     7.64G   0.03044   0.02443  0.001533    0.0564        20       640    0.6061    0.6906    0.6537    0.4213    0.0404   0.04528  0.007738
   235/249     7.64G   0.03047   0.02554  0.001496    0.0575        19       640    0.5883    0.6776    0.6501    0.4215   0.04035   0.04496  0.007778
   236/249     7.64G    0.0318   0.02597  0.001484   0.05925        29       640    0.6037    0.6731    0.6607    0.4277    0.0406   0.04485  0.007671
   237/249     7.64G   0.03111   0.02511  0.001651   0.05787        53       640    0.6116    0.6797    0.6596    0.4244   0.04025   0.04434  0.007876
   238/249     7.64G   0.03034    0.0249  0.001546   0.05678        43       640    0.6162    0.6758    0.6581    0.4267   0.04032   0.04464  0.007848
   239/249     7.64G   0.02994   0.02434  0.001546   0.05583        23       640    0.6083    0.6795    0.6578    0.4303   0.04061   0.04476  0.007977
   240/249     7.65G    0.0304   0.02393  0.001528   0.05586       130       640    0.6141     0.678    0.6555    0.4299   0.04023   0.04501  0.008224
   241/249     7.64G   0.03091   0.02557  0.001571   0.05805        44       640     0.615    0.6808    0.6554      0.43   0.04054    0.0448  0.008399
   242/249     7.64G   0.03046   0.02493  0.001366   0.05676        25       640    0.6104    0.6761    0.6557    0.4295   0.04028   0.04465   0.00837
   243/249     7.64G   0.03024   0.02504  0.001535   0.05682        27       640    0.6227    0.6792    0.6579    0.4313   0.04041   0.04487  0.008538
   244/249     7.64G   0.03038   0.02511   0.00144   0.05693        38       640    0.6006     0.672    0.6573    0.4303    0.0405   0.04473  0.008632
   245/249     7.64G   0.03117   0.02759  0.001482   0.06023        76       640    0.6072    0.6756    0.6519    0.4272   0.04049   0.04493  0.008532
   246/249     7.64G   0.03056   0.02587  0.001424   0.05785        15       640     0.606    0.6722     0.654    0.4287    0.0408   0.04518  0.008592
   247/249     7.64G   0.02887   0.02474  0.001352   0.05497        14       640    0.6082    0.6788    0.6567    0.4275   0.04032   0.04466  0.008449
   248/249     7.64G   0.02977   0.02656  0.001283   0.05761        71       640    0.6233    0.6775    0.6583    0.4282   0.04048    0.0449  0.008513
   249/249     7.64G   0.03004   0.02451  0.001479   0.05603        57       640    0.6278     0.672    0.6559    0.4258   0.04056   0.04508  0.008595
